binning_1d: 3.1223518816799785
binning_4d: 9.514051519199997
inv_dfield: 7.265958606239991
workflow_1d: 18.046694188319993
workflow_4d: 21.338390911920005
