binning_1d: 3.766941150666647
binning_4d: 10.717861682400008
inv_dfield: 6.4638260562666945
loader_compute_flash: 0.048855894666697465
loader_compute_mpes: 0.017684307733361493
loader_compute_sxp: 0.008169869866621108
workflow_1d: 20.91407911573333
workflow_4d: 26.54592248346665
