binning_1d: 3.017609174399999
binning_4d: 9.210316116800005
inv_dfield: 5.196141159999996
loader_compute_flash: 0.00917599634999533
loader_compute_mpes: 0.015864623800007395
loader_compute_sxp: 0.006027440450000654
workflow_1d: 17.0553120846
workflow_4d: 21.418084616600005
