binning_1d: 3.1223518816799785
binning_4d: 8.959390982640011
inv_dfield: 5.438782145039997
workflow_1d: 17.297238704399994
workflow_4d: 20.81487989136001
