binning_1d: 3.5267653551999953
binning_4d: 10.209467188266672
inv_dfield: 6.449857629866649
loader_compute_flash: 0.0709010237333132
loader_compute_mpes: 0.01700571413330181
loader_compute_sxp: 0.007494217600045279
workflow_1d: 20.061807410666642
workflow_4d: 24.679874365600032
