binning_1d: 3.746054168266664
binning_4d: 10.490349039466667
inv_dfield: 6.371849106666673
loader_compute_flash: 0.047146166666652785
loader_compute_mpes: 0.01693465999998504
loader_compute_sxp: 0.007945055199994992
workflow_1d: 22.06189654213334
workflow_4d: 26.326274771999987
