binning_1d: 3.5267653551999953
binning_4d: 10.209467188266672
inv_dfield: 6.449857629866649
loader_compute_flash: 0.06769129813333165
loader_compute_mpes: 0.01700571413330181
loader_compute_sxp: 0.007175734666649684
workflow_1d: 20.061807410666642
workflow_4d: 24.447920182666667
