binning_1d: 3.6901058735999945
binning_4d: 10.227613002933323
inv_dfield: 6.345075212800005
loader_compute_flash: 0.046522336799974556
loader_compute_mpes: 0.016831353866655265
loader_compute_sxp: 0.007945055199994992
workflow_1d: 19.756454645066682
workflow_4d: 24.525558751466647
