binning_1d: 3.7540886959999855
binning_4d: 10.839322386933334
inv_dfield: 6.384527134666662
loader_compute_flash: 0.046021607999970605
loader_compute_mpes: 0.01723324879997866
loader_compute_sxp: 0.007804296266673797
workflow_1d: 20.176347301066652
workflow_4d: 26.257296176
