binning_1d: 3.1223518816799785
binning_4d: 9.514051519199997
inv_dfield: 5.683970479439986
workflow_1d: 18.886161206160004
workflow_4d: 22.608196924320012
