binning_1d: 3.69906504586667
binning_4d: 10.283058677333338
inv_dfield: 6.32182350293333
loader_compute_flash: 0.045956606933320175
loader_compute_mpes: 0.018296537866657067
loader_compute_sxp: 0.007912029866671826
workflow_1d: 20.75611544533334
workflow_4d: 25.441348023999975
