binning_1d: 3.1223518816799785
binning_4d: 9.514051519199997
inv_dfield: 5.934024921119999
workflow_1d: 17.942555345520002
workflow_4d: 21.644342379359998
