binning_1d: 3.6901058735999945
binning_4d: 10.227613002933323
inv_dfield: 6.345075212800005
loader_compute_flash: 0.045485345866685144
loader_compute_mpes: 0.01621588346667219
loader_compute_sxp: 0.00779030479998255
workflow_1d: 19.756454645066682
workflow_4d: 24.525558751466647
